RGB color values for monsters

ALL (STAGE 0):

Dark:	(072,079,069)
Light:	(123,129,121)

CAREFUL / ENERGETIC:

stage 1
Dark:	(094,071,124)
Light:	(116,144,148)	(132,141,163)	(159,122,158)

stage 2
Dark:	(115,072,169)
Light:	(110,170,177)	(141,152,208)	(197,115,196)

stage 3
Dark:	(135,072,214)
Light:	(105,195,205)	(150,164,250)	(233,108,233)

AFFECTIONATE / AGGRESSIVE:

stage 1
Dark:	(097,051,080)
Light:	(162,117,125)	(158,125,081)	(161,141,081)

stage 2
Dark:	(132,027,097)
Light:	(201,105,130)	(194,121,040)	(199,154,041)

stage 3
Dark:	(166,004,114)
Light:	(240,093,134)	(229,117,000)	(237,166,001)

ENERGETIC / AFFECTIONATE

stage 1
Dark:	(027,079,051)
Light:	(157,142,068)	(143,147,113)	(132,160,086)

stage 2
Dark:	(029,102,063)
Light:	(186,163,035)	(164,167,105)	(148,186,083)

stage 3
Dark:	(030,125,075)
Light:	(215,183,003)	(184,185,097)	(163,211,080)

AGGRESSIVE / CAREFUL

stage 1
Dark:	(022,055,062)
Light:	(095,133,110)	(085,135,147)	(117,151,149)

stage 2
Dark:	(025,078,087)
Light:	(109,162,131)	(071,144,157)	(111,173,177)

stage 3
Dark:	(027,100,112)
Light:	(122,190,152)	(057,152,167)	(105,195,205)